Serial_position	1	2	3	4	Slope
1	0.7368421052631579	0.675	0.7714285714285715	0.8181818181818182	0.034044771018455204
2	0.5714285714285714	0.6829268292682927	0.65	0.896551724137931	0.0942442628859786
3	0.574468085106383	0.6666666666666666	0.6756756756756757	0.6666666666666666	0.02856047536898591
4	0.49122807017543857	0.4909090909090909	0.6388888888888888	0.8076923076923077	0.10973725105304058
5	0.4406779661016949	0.43636363636363634	0.40816326530612246	0.6666666666666666	0.06497657306374012
6	0.25274725274725274	0.31666666666666665	0.5161290322580645	0.75	0.16912206073496397
7	0.43103448275862066	0.4	0.5757575757575758	0.4	0.008265412748171375
8	0.37681159420289856	0.42105263157894735	0.5526315789473685	0.4482758620689655	0.0345971750966622
9	0.5185185185185185	0.7297297297297297	0.7027027027027027	0.7352941176470589	0.06232997703585946
