Serial_position	1	2	3	4	Slope
1	0.6942148760330579	0.7477477477477478	0.6864406779661016	0.7920792079207921	0.023228592588155662
2	0.5531914893617021	0.5703703703703704	0.5934959349593496	0.69	0.0433551096503873
3	0.44751381215469616	0.4397590361445783	0.4962962962962963	0.5490196078431373	0.036105464721704124
4	0.3901098901098901	0.43870967741935485	0.41007194244604317	0.5625	0.048853259469701836
5	0.2754237288135593	0.29545454545454547	0.36607142857142855	0.43859649122807015	0.05601351703604156
6	0.2033898305084746	0.28104575163398693	0.28	0.42857142857142855	0.06744990425548748
7	0.20860927152317882	0.25806451612903225	0.410958904109589	0.4883720930232558	0.09921828524807876
8	0.2564102564102564	0.3496932515337423	0.33043478260869563	0.40625	0.04302607618441844
9	0.6131386861313869	0.6532258064516129	0.6694915254237288	0.6115702479338843	0.0011560404379608855
