Serial_position	1	2	3	4
1	0.7246376811594203	0.6712328767123288	0.8032786885245902	0.7704918032786885
2	0.6172839506172839	0.6447368421052632	0.7230769230769231	0.8214285714285714
3	0.5714285714285714	0.6527777777777778	0.6428571428571429	0.6461538461538462
4	0.46226415094339623	0.5108695652173914	0.711864406779661	0.7454545454545455
5	0.4519230769230769	0.44329896907216493	0.5342465753424658	0.5254237288135594
6	0.27848101265822783	0.35294117647058826	0.42857142857142855	0.5945945945945946
7	0.3671875	0.35294117647058826	0.4666666666666667	0.4222222222222222
8	0.3464566929133858	0.38095238095238093	0.5423728813559322	0.6111111111111112
9	0.46226415094339623	0.5609756097560976	0.5555555555555556	0.74
