Serial_position	1	2	3	4	Slope
1	0.7	0.6875	0.7941176470588235	0.7878787878787878	0.037025401069518765
2	0.6086956521739131	0.6547619047619048	0.7027027027027027	0.8225806451612904	0.06895957769029291
3	0.5684210526315789	0.6235294117647059	0.6455696202531646	0.6388888888888888	0.023344371726038825
4	0.4700854700854701	0.53	0.7014925373134329	0.7377049180327869	0.09743508811553833
5	0.4690265486725664	0.44144144144144143	0.5555555555555556	0.5294117647058824	0.029526976221406175
6	0.2840909090909091	0.3652173913043478	0.4375	0.5434782608695652	0.08504446640316204
7	0.37142857142857144	0.3225806451612903	0.4305555555555556	0.44680851063829785	0.03341147280234441
8	0.36231884057971014	0.3770491803278688	0.5352112676056338	0.49056603773584906	0.054290367874618155
9	0.45454545454545453	0.53125	0.5555555555555556	0.7192982456140351	0.08185639287612977
