Serial_position	1	2	3	4	Slope
1	0.6666666666666666	0.7	0.8181818181818182	0.7575757575757576	0.0390909090909091
2	0.6511627906976745	0.627906976744186	0.7647058823529411	0.7575757575757576	0.04560378062430044
3	0.5625	0.5869565217391305	0.6190476190476191	0.6153846153846154	0.019074494346233498
4	0.45	0.5777777777777777	0.7741935483870968	0.6857142857142857	0.09035586277521766
5	0.5	0.44642857142857145	0.78125	0.43902439024390244	0.015189459930313624
6	0.3176470588235294	0.41818181818181815	0.3877551020408163	0.43333333333333335	0.031663210738841
7	0.32926829268292684	0.2702702702702703	0.3076923076923077	0.5294117647058824	0.06378524534909037
8	0.34782608695652173	0.3384615384615385	0.5151515151515151	0.5416666666666666	0.07582117158204114
9	0.40298507462686567	0.4067796610169492	0.4318181818181818	0.6956521739130435	0.09030398186597659
